37
38
39
40
41

42
43
44
45
46
47
48

49
50

51·

52
53
54
55

56
57

58
59

60

61
62
63
64
65

66

Pm. N. Pr.
787 791
850 857
1132 1132
1187 1196
1240 1243
lielena.
255 257
483 485 490
744 749
842 845
894 909
947 962
998 ’· 1002
Heraclidae.
134 139 147
181 185
236 238‘
297 302
389 393
464 465
500 503
941 945
983 987 1000

Hercules Furens.

140 144
170 174
278 280
339 342
451 460
843 849
1255 1258
1311 1316
Hippolytus.
284 293

43

Ε.

836

861
1175
1232
1249

298
510
754
851
939
991
1022

174
220
247
320
420
471
528
957
1014

165
227

307

347
485
854
1301
1336

301

G.
1

I
III
III

1-11-41-11-κ

Fines.
A.790.844.L.800. H.806.
A. 852—3. U. 854. 863.
U. 1137. ·

U. 1201. 1224 sq.
H. 1240. 1248.

U. 269.
U. 506. N. 512.

U. 753.

H. 845.

A. 901. 920. U. 935.
H. 949. 963. 987.
A.1002.H.1009.U.1020.
N. 142. U. 146. 154.
A. 187. Η. 200. 223.
Α. 238. Η. 242.

A„ 315.

U. 466.

H. 510. 526.

A. 941. 961.

N. 990. U. 996. 1004.

L. 1010.

H. 148. 162. ·

U. 188. Α. 206 sq. H. 218.
Ν. 282. H. 286 sq. P.
295 sq. C. 302 sq.

A. 347.

A. 852—3.
U. 1257.
N. 1322. Η. 1324 sq.

U. 297.

